000018.jpg 642 392 663 432 1
000008.jpg 369 201 417 249 1
000009.jpg 660 321 918 425 1
000007.jpg 625 341 679 450 1
000013.jpg 566 325 646 437 1
000012.jpg 652 374 716 478 1
000010.jpg 545 296 578 343 1 572 356 597 431 1 658 296 691 346 1 809 323 830 372 1
000004.jpg 636 329 673 442 1
000005.jpg 630 365 677 455 1
000011.jpg 610 345 722 476 1
000015.jpg 610 337 656 454 1
000000.jpg 437 324 465 368 1 463 392 485 429 1 543 396 566 449 1 557 303 580 350 1 583 338 612 456 1 662 354 690 425 1 696 377 727 454 1 834 334 880 401 1
000014.jpg 680 332 745 465 1
000016.jpg 566 326 618 438 1
000003.jpg 610 341 682 455 1
